Attenuation_0_ID_134343538_Volume.png: [(0.0, 0.0, 'Constant'), (1350.0, 0.0, 'Linear'), (2412.0, -1.0, 'Linear')]
Attenuation_0_ID_134343538_Aux_Send_Game.png: [(0.0, 0.0, 'Constant'), (1350.0, 0.0, 'Linear'), (2412.0, -1.0, 'Linear')]
Attenuation_0_ID_134343538_Aux_Send_User.png: [(0.0, 0.0, 'Constant'), (1350.0, 0.0, 'Linear'), (2412.0, -1.0, 'Linear')]
Attenuation_1_ID_178895832_Volume.png: [(0.0, 0.0, 'Linear'), (2000.0, -1.0, 'Linear')]
Attenuation_1_ID_178895832_Aux_Send_Game.png: [(0.0, 0.0, 'Linear'), (2000.0, -1.0, 'Linear')]
Attenuation_1_ID_178895832_Aux_Send_User.png: [(0.0, 0.0, 'Linear'), (2000.0, -1.0, 'Linear')]
Attenuation_2_ID_250746059_Volume.png: [(0.0, 0.0, 'Linear'), (2000.0, -1.0, 'Linear')]
Attenuation_2_ID_250746059_Aux_Send_Game.png: [(0.0, 0.0, 'Linear'), (2000.0, -1.0, 'Linear')]
Attenuation_2_ID_250746059_Aux_Send_User.png: [(0.0, 0.0, 'Linear'), (2000.0, -1.0, 'Linear')]
Attenuation_3_ID_450261147_Volume.png: [(0.0, 0.0, 'Linear'), (2000.0, -1.0, 'Linear')]
Attenuation_3_ID_450261147_Aux_Send_Game.png: [(0.0, 0.0, 'Linear'), (2000.0, -1.0, 'Linear')]
Attenuation_3_ID_450261147_Aux_Send_User.png: [(0.0, 0.0, 'Linear'), (2000.0, -1.0, 'Linear')]
Attenuation_4_ID_500692955_Volume.png: [(0.0, 0.0, 'Constant'), (1472.5142822265625, 0.0, 'Linear'), (2412.0, -1.0, 'Linear')]
Attenuation_4_ID_500692955_Aux_Send_Game.png: [(0.0, 0.0, 'Constant'), (1472.5142822265625, 0.0, 'Linear'), (2412.0, -1.0, 'Linear')]
Attenuation_4_ID_500692955_Aux_Send_User.png: [(0.0, 0.0, 'Constant'), (1472.5142822265625, 0.0, 'Linear'), (2412.0, -1.0, 'Linear')]
Attenuation_4_ID_500692955_Spread.png: [(0.0, 100.0, 'Linear'), (2412.0, 0.0, 'Linear')]
Attenuation_5_ID_546846782_Volume.png: [(0.0, 0.0, 'Linear'), (2000.0, -1.0, 'Linear')]
Attenuation_5_ID_546846782_Aux_Send_Game.png: [(0.0, 0.0, 'Linear'), (2000.0, -1.0, 'Linear')]
Attenuation_5_ID_546846782_Aux_Send_User.png: [(0.0, 0.0, 'Linear'), (2000.0, -1.0, 'Linear')]
Attenuation_6_ID_687014649_Volume.png: [(0.0, 0.0, 'Constant'), (1350.0, 0.0, 'Linear'), (2412.0, -1.0, 'Linear')]
Attenuation_6_ID_687014649_Aux_Send_Game.png: [(0.0, 0.0, 'Constant'), (1350.0, 0.0, 'Linear'), (2412.0, -1.0, 'Linear')]
Attenuation_6_ID_687014649_Aux_Send_User.png: [(0.0, 0.0, 'Constant'), (1350.0, 0.0, 'Linear'), (2412.0, -1.0, 'Linear')]
Attenuation_7_ID_786895527_Volume.png: [(0.0, 0.0, 'Linear'), (2000.0, -1.0, 'Linear')]
Attenuation_7_ID_786895527_Aux_Send_Game.png: [(0.0, 0.0, 'Linear'), (2000.0, -1.0, 'Linear')]
Attenuation_7_ID_786895527_Aux_Send_User.png: [(0.0, 0.0, 'Linear'), (2000.0, -1.0, 'Linear')]